1.549380000000000000e+05
1.227320000000000000e+05
8.206060000000000000e+05
7.050230000000000000e+05
7.143080000000000000e+05
4.799990000000000000e+05
6.043670000000000000e+05
8.871610000000000000e+05
7.315600000000000000e+04
2.162380000000000000e+05
4.736240000000000000e+05
8.011500000000000000e+04
9.425710000000000000e+05
6.568840000000000000e+05
7.212830000000000000e+05
1.678460000000000000e+05
7.510000000000000000e+02
3.816900000000000000e+04
8.075350000000000000e+05
9.835670000000000000e+05
7.984630000000000000e+05
2.051410000000000000e+05
1.582650000000000000e+05
9.021820000000000000e+05
8.535340000000000000e+05
4.128320000000000000e+05
9.461040000000000000e+05
5.613840000000000000e+05
6.907300000000000000e+04
7.452900000000000000e+04
9.242850000000000000e+05
8.046100000000000000e+04
1.839950000000000000e+05
9.354830000000000000e+05
1.928370000000000000e+05
6.155080000000000000e+05
9.172590000000000000e+05
4.138650000000000000e+05
1.291370000000000000e+05
3.088670000000000000e+05
9.742650000000000000e+05
7.461400000000000000e+04
2.078000000000000000e+03
5.943910000000000000e+05
3.192720000000000000e+05
6.343930000000000000e+05
1.059340000000000000e+05
5.130430000000000000e+05
8.476460000000000000e+05
9.978090000000000000e+05
9.253780000000000000e+05
1.155020000000000000e+05
6.260450000000000000e+05
1.184780000000000000e+05
5.773780000000000000e+05
1.334590000000000000e+05
4.774740000000000000e+05
5.265310000000000000e+05
7.140600000000000000e+05
4.763840000000000000e+05
4.525640000000000000e+05
4.966690000000000000e+05
8.320920000000000000e+05
5.924700000000000000e+05
4.765600000000000000e+05
4.171310000000000000e+05
1.870820000000000000e+05
4.971720000000000000e+05
4.815180000000000000e+05
8.729460000000000000e+05
2.738090000000000000e+05
5.129150000000000000e+05
9.761800000000000000e+05
3.189840000000000000e+05
3.273350000000000000e+05
6.585970000000000000e+05
8.612300000000000000e+04
8.984690000000000000e+05
9.248920000000000000e+05
8.277810000000000000e+05
7.120000000000000000e+04
5.320680000000000000e+05
1.409860000000000000e+05
3.957620000000000000e+05
1.540500000000000000e+04
3.853230000000000000e+05
8.191270000000000000e+05
1.697350000000000000e+05
8.621500000000000000e+05
2.402830000000000000e+05
6.754530000000000000e+05
4.599930000000000000e+05
6.290490000000000000e+05
1.770610000000000000e+05
2.142670000000000000e+05
8.395760000000000000e+05
3.140050000000000000e+05
3.386000000000000000e+04
5.373800000000000000e+05
6.627360000000000000e+05
9.703000000000000000e+05
4.666390000000000000e+05
1.014970000000000000e+05
7.100150000000000000e+05
6.540300000000000000e+04
7.628800000000000000e+04
9.513940000000000000e+05
3.729680000000000000e+05
7.296550000000000000e+05
8.851050000000000000e+05
2.473090000000000000e+05
4.520230000000000000e+05
7.213600000000000000e+05
1.871170000000000000e+05
5.874140000000000000e+05
9.149770000000000000e+05
4.382460000000000000e+05
9.718360000000000000e+05
7.302340000000000000e+05
1.683680000000000000e+05
2.409600000000000000e+05
8.523900000000000000e+04
4.503340000000000000e+05
9.350200000000000000e+05
7.570420000000000000e+05
8.520520000000000000e+05
4.717670000000000000e+05
5.499590000000000000e+05
4.603130000000000000e+05
1.429050000000000000e+05
8.796010000000000000e+05
6.727850000000000000e+05
3.959440000000000000e+05
1.416660000000000000e+05
1.958280000000000000e+05
3.630020000000000000e+05
4.494680000000000000e+05
3.689360000000000000e+05
8.671270000000000000e+05
6.558540000000000000e+05
2.160290000000000000e+05
8.678610000000000000e+05
3.399070000000000000e+05
4.842990000000000000e+05
6.218150000000000000e+05
3.423070000000000000e+05
8.462560000000000000e+05
6.496500000000000000e+05
7.587810000000000000e+05
7.896720000000000000e+05
4.763250000000000000e+05
7.340570000000000000e+05
7.934600000000000000e+04
5.159320000000000000e+05
2.539600000000000000e+04
5.133620000000000000e+05
9.209920000000000000e+05
2.373030000000000000e+05
9.443750000000000000e+05
6.106780000000000000e+05
5.558700000000000000e+04
5.658000000000000000e+05
3.347570000000000000e+05
5.713190000000000000e+05
1.187850000000000000e+05
1.691470000000000000e+05
9.829810000000000000e+05
3.783600000000000000e+04
4.431010000000000000e+05
9.364620000000000000e+05
4.832560000000000000e+05
3.972930000000000000e+05
2.893450000000000000e+05
8.202420000000000000e+05
4.514610000000000000e+05
3.729500000000000000e+04
4.833910000000000000e+05
5.471310000000000000e+05
5.935830000000000000e+05
3.849340000000000000e+05
7.764480000000000000e+05
3.503970000000000000e+05
7.273020000000000000e+05
5.434050000000000000e+05
8.885970000000000000e+05
3.239900000000000000e+05
4.221110000000000000e+05
9.339040000000000000e+05
9.483450000000000000e+05
8.162390000000000000e+05
6.130620000000000000e+05
5.803820000000000000e+05
9.357230000000000000e+05
8.913490000000000000e+05
6.977600000000000000e+04
7.176350000000000000e+05
5.665980000000000000e+05
8.108920000000000000e+05
7.113630000000000000e+05
4.534270000000000000e+05
5.929800000000000000e+05
6.609210000000000000e+05
9.287950000000000000e+05
8.629050000000000000e+05
9.993280000000000000e+05
5.417660000000000000e+05
7.811640000000000000e+05
8.434580000000000000e+05
1.830870000000000000e+05
7.494080000000000000e+05
6.530270000000000000e+05
7.963100000000000000e+04
2.855520000000000000e+05
6.929080000000000000e+05
7.110150000000000000e+05
3.327390000000000000e+05
7.394790000000000000e+05
7.044510000000000000e+05
8.660860000000000000e+05
1.293350000000000000e+05
6.614030000000000000e+05
5.620850000000000000e+05
2.786410000000000000e+05
2.685150000000000000e+05
1.342000000000000000e+03
6.345050000000000000e+05
3.378210000000000000e+05
1.845400000000000000e+04
1.321660000000000000e+05
5.117210000000000000e+05
7.028240000000000000e+05
1.556520000000000000e+05
7.915770000000000000e+05
4.414530000000000000e+05
2.409110000000000000e+05
3.140020000000000000e+05
8.332360000000000000e+05
4.880520000000000000e+05
2.851680000000000000e+05
3.176050000000000000e+05
3.575940000000000000e+05
8.485000000000000000e+03
8.640550000000000000e+05
2.563200000000000000e+05
4.468380000000000000e+05
1.037290000000000000e+05
9.759680000000000000e+05
8.119270000000000000e+05
4.635730000000000000e+05
1.488000000000000000e+05
6.692720000000000000e+05
1.559980000000000000e+05
5.076370000000000000e+05
3.395110000000000000e+05
5.596880000000000000e+05
6.378370000000000000e+05
5.452660000000000000e+05
4.330070000000000000e+05
6.783720000000000000e+05
9.838360000000000000e+05
7.154370000000000000e+05
3.587520000000000000e+05
9.929730000000000000e+05
1.456000000000000000e+03
9.868640000000000000e+05
5.007570000000000000e+05
8.843990000000000000e+05
7.417100000000000000e+05
3.178100000000000000e+05
2.737100000000000000e+04
5.384510000000000000e+05
9.186430000000000000e+05
1.495480000000000000e+05
6.595730000000000000e+05
8.005350000000000000e+05
7.893200000000000000e+05
6.388080000000000000e+05
2.732840000000000000e+05
9.729100000000000000e+05
3.338150000000000000e+05
9.845960000000000000e+05
7.114300000000000000e+05
2.134640000000000000e+05
1.798040000000000000e+05
3.611170000000000000e+05
9.800100000000000000e+04
2.341460000000000000e+05
4.169520000000000000e+05
5.185200000000000000e+04
6.553600000000000000e+04
9.103060000000000000e+05
5.740590000000000000e+05
7.421790000000000000e+05
2.539700000000000000e+05
8.562500000000000000e+04
1.138290000000000000e+05
6.979760000000000000e+05
9.599720000000000000e+05
1.248070000000000000e+05
8.868600000000000000e+04
1.608530000000000000e+05
8.165980000000000000e+05
2.356880000000000000e+05
1.642910000000000000e+05
1.331210000000000000e+05
2.254500000000000000e+04
3.459910000000000000e+05
9.275000000000000000e+05
8.897390000000000000e+05
3.246460000000000000e+05
1.893710000000000000e+05
3.956990000000000000e+05
1.011970000000000000e+05
2.036070000000000000e+05
5.701700000000000000e+05
6.032890000000000000e+05
4.008500000000000000e+05
8.972300000000000000e+04
7.184880000000000000e+05
4.290970000000000000e+05
7.201970000000000000e+05
9.573800000000000000e+05
7.572830000000000000e+05
9.565570000000000000e+05
3.618110000000000000e+05
9.746740000000000000e+05
4.337710000000000000e+05
2.522510000000000000e+05
2.874710000000000000e+05
1.674120000000000000e+05
5.095400000000000000e+05
5.645450000000000000e+05
5.696500000000000000e+04
6.885920000000000000e+05
2.772180000000000000e+05
4.441560000000000000e+05
2.132740000000000000e+05
8.980430000000000000e+05
5.411730000000000000e+05
1.549800000000000000e+04
1.260910000000000000e+05
9.694220000000000000e+05
5.288810000000000000e+05
3.217780000000000000e+05
4.107450000000000000e+05
5.336990000000000000e+05
7.983780000000000000e+05
4.421200000000000000e+04
9.441170000000000000e+05
3.084870000000000000e+05
5.613340000000000000e+05
1.028690000000000000e+05
2.074270000000000000e+05
9.663960000000000000e+05
5.855610000000000000e+05
8.194990000000000000e+05
4.747350000000000000e+05
5.416940000000000000e+05
1.042390000000000000e+05
1.099060000000000000e+05
1.542030000000000000e+05
1.778490000000000000e+05
5.297640000000000000e+05
7.445490000000000000e+05
7.937730000000000000e+05
3.468330000000000000e+05
2.656730000000000000e+05
1.080190000000000000e+05
5.175150000000000000e+05
6.037270000000000000e+05
3.358910000000000000e+05
8.784580000000000000e+05
3.459400000000000000e+05
6.637450000000000000e+05
6.865430000000000000e+05
7.832100000000000000e+05
2.093910000000000000e+05
3.686740000000000000e+05
5.498940000000000000e+05
1.751870000000000000e+05
8.445020000000000000e+05
3.020160000000000000e+05
2.396210000000000000e+05
7.998560000000000000e+05
5.756800000000000000e+05
5.358500000000000000e+04
3.880020000000000000e+05
7.077530000000000000e+05
2.495220000000000000e+05
8.415030000000000000e+05
6.223130000000000000e+05
7.663020000000000000e+05
3.032580000000000000e+05
3.441290000000000000e+05
5.703640000000000000e+05
2.534290000000000000e+05
8.520870000000000000e+05
1.925730000000000000e+05
8.364400000000000000e+04
3.421720000000000000e+05
9.542870000000000000e+05
3.340510000000000000e+05
6.508240000000000000e+05
5.782710000000000000e+05
3.091490000000000000e+05
6.707010000000000000e+05
9.183930000000000000e+05
3.314490000000000000e+05
1.878440000000000000e+05
5.305720000000000000e+05
7.847440000000000000e+05
3.878560000000000000e+05
9.129650000000000000e+05
8.498300000000000000e+05
4.526040000000000000e+05
9.375530000000000000e+05
4.613930000000000000e+05
7.944650000000000000e+05
2.315330000000000000e+05
4.644580000000000000e+05
6.883380000000000000e+05
6.359430000000000000e+05
9.368690000000000000e+05
2.293600000000000000e+04
2.318740000000000000e+05
5.698900000000000000e+05
7.306120000000000000e+05
9.424190000000000000e+05
3.704580000000000000e+05
2.823590000000000000e+05
2.336230000000000000e+05